46.67353630065918
33.95891189575195
33.618927001953125
40.33946990966797
36.745548248291016
31.432390213012695
33.1568717956543
36.31424903869629
32.541751861572266
33.400535583496094
28.97167205810547
29.127836227416992
36.32330894470215
30.21836280822754
27.039527893066406
29.82187271118164
31.296730041503906
28.51128578186035
27.925729751586914
26.607751846313477
27.667760848999023
30.838489532470703
27.047157287597656
33.8437557220459
27.29964256286621
29.731273651123047
34.64674949645996
34.357547760009766
29.523849487304688
28.020620346069336
29.15644645690918
35.46547889709473
30.590534210205078
30.985116958618164
28.888225555419922
32.69815444946289
37.893056869506836
30.022382736206055
27.782440185546875
29.593229293823242
32.34434127807617
28.73849868774414
27.435302734375
30.379772186279297
26.481151580810547
26.21746063232422
26.63254737854004
29.94394302368164
30.69925308227539
27.269840240478516
33.53762626647949
30.301809310913086
31.05902671813965
27.889013290405273
35.98976135253906
35.41159629821777
31.866073608398438
27.319669723510742
32.0587158203125
33.37359428405762
29.67071533203125
27.727127075195312
30.324459075927734
35.166263580322266
38.872480392456055
27.057647705078125
29.71816062927246
32.97591209411621
40.86565971374512
37.52326965332031
31.267166137695312
34.51943397521973
30.314207077026367
27.21691131591797
27.18973159790039
34.58809852600098
30.74502944946289
29.283761978149414
29.64496612548828
30.891895294189453
30.161380767822266
29.384613037109375
30.514240264892578
36.72289848327637
31.155109405517578
28.095722198486328
27.673721313476562
27.03714370727539
26.436328887939453
26.215553283691406
32.585859298706055
33.200979232788086
28.72300148010254
31.751632690429688
33.200979232788086
29.4647216796875
25.83932876586914
28.46527099609375
29.140472412109375
28.019428253173828
26.32761001586914
30.342578887939453
33.45441818237305
29.383420944213867
26.128768920898438
29.078245162963867
27.698993682861328
29.77466583251953
35.50601005554199
32.78064727783203
28.559446334838867
29.42800521850586
28.118610382080078
32.21392631530762
31.527280807495117
29.564380645751953
30.155420303344727
27.605295181274414
25.52628517150879
25.93994140625
37.56451606750488
25.658369064331055
28.75685691833496
30.48253059387207
28.163671493530273
26.994705200195312
28.925180435180664
30.201435089111328
32.56511688232422
32.14859962463379
31.57520294189453
28.500795364379883
27.431488037109375
33.64133834838867
28.75494956970215
28.549671173095703
30.349254608154297
31.24547004699707
28.527021408081055
27.322053909301758
34.04712677001953
30.68065643310547
29.366731643676758
30.825376510620117
31.554222106933594
32.0584774017334
28.321504592895508
27.15015411376953
31.961441040039062
29.692411422729492
29.692411422729492
30.70378303527832
27.78482437133789
30.902624130249023
29.230117797851562
29.432296752929688
31.182289123535156
29.057979583740234
31.33249282836914
30.140399932861328
30.28583526611328
28.10049057006836
27.421951293945312
32.141685485839844
29.18076515197754
28.662919998168945
27.231216430664062
29.059886932373047
30.149459838867188
24.924516677856445
29.233932495117188
27.448654174804688
28.256893157958984
27.597427368164062
27.527809143066406
26.347637176513672
28.597116470336914
31.60548210144043
31.6317081451416
30.10392189025879
25.514602661132812
28.74279022216797
29.711008071899414
30.185461044311523
29.778718948364258
27.086734771728516
29.480934143066406
29.094696044921875
26.89337730407715
29.836177825927734
32.18221664428711
27.988672256469727
37.32562065124512
30.047893524169922
30.98773956298828
29.187679290771484
30.21860122680664
29.97136116027832
32.70411491394043
