32.67264366149902
28.36298942565918
18.83864402770996
28.83768081665039
41.14031791687012
0.6163120269775391
12.701034545898438
21.01278305053711
23.230791091918945
26.289701461791992
11.45029067993164
54.98385429382324
33.16664695739746
22.564172744750977
29.20675277709961
23.9107608795166
34.39593315124512
22.04108238220215
30.123472213745117
28.725862503051758
40.261030197143555
30.915498733520508
28.038740158081055
25.04754066467285
23.792743682861328
26.71957015991211
24.499893188476562
23.209095001220703
31.657934188842773
26.798486709594727
28.956174850463867
26.042699813842773
25.234460830688477
25.414466857910156
32.28116035461426
26.57151222229004
26.68476104736328
25.887250900268555
27.149438858032227
26.83401107788086
29.690027236938477
26.89814567565918
26.69501304626465
25.714397430419922
24.86705780029297
39.66808319091797
26.851654052734375
25.63023567199707
24.561166763305664
23.363113403320312
25.458097457885742
22.252321243286133
25.73561668395996
23.053884506225586
28.58114242553711
23.372173309326172
27.34684944152832
25.223255157470703
25.418758392333984
23.717164993286133
22.860288619995117
27.769088745117188
23.273229598999023
27.081966400146484
24.05238151550293
26.3211727142334
25.02918243408203
28.90491485595703
25.206565856933594
24.962425231933594
24.651050567626953
22.995948791503906
24.2917537689209
23.91338348388672
23.766279220581055
24.899721145629883
27.364015579223633
23.859739303588867
24.255037307739258
25.35843849182129
25.293350219726562
23.62203598022461
25.542020797729492
24.36232566833496
27.68111228942871
24.29366111755371
22.76778221130371
25.97355842590332
23.444414138793945
26.194095611572266
26.432275772094727
25.80857276916504
24.451494216918945
24.096965789794922
29.84023094177246
21.94666862487793
23.561716079711914
25.536537170410156
22.515535354614258
25.85601806640625
23.46205711364746
24.64008331298828
23.854732513427734
26.378631591796875
25.793075561523438
24.548768997192383
26.518821716308594
23.95462989807129
24.4903564453125
28.51700782775879
24.555206298828125
25.15125274658203
23.88286590576172
25.079965591430664
24.540424346923828
26.361703872680664
27.050256729125977
24.153470993041992
26.185989379882812
24.20330047607422
24.94978904724121
26.415348052978516
24.506568908691406
25.58588981628418
25.250911712646484
32.10735321044922
27.007341384887695
26.680469512939453
25.617599487304688
23.30493927001953
24.948835372924805
26.40533447265625
26.20983123779297
25.857210159301758
24.270296096801758
27.90236473083496
26.555299758911133
28.540849685668945
27.151107788085938
25.402307510375977
26.541948318481445
25.085926055908203
23.50926399230957
26.96704864501953
24.727344512939453
24.013996124267578
23.766517639160156
25.978803634643555
26.305675506591797
26.868581771850586
23.366451263427734
24.099349975585938
25.320768356323242
23.634672164916992
23.98848533630371
24.776458740234375
25.044918060302734
27.28724479675293
24.216890335083008
25.496482849121094
24.165630340576172
23.311614990234375
24.24478530883789
21.907329559326172
25.82573890686035
22.878646850585938
24.507999420166016
23.53501319885254
25.830507278442383
23.88906478881836
24.958133697509766
23.749113082885742
25.280237197875977
27.265071868896484
24.34706687927246
23.286819458007812
25.73418617248535
24.256229400634766
26.92246437072754
27.1761417388916
23.441314697265625
23.71954917907715
24.5358943939209
23.99468421936035
24.959802627563477
24.938106536865234
23.416757583618164
23.854970932006836
25.080442428588867
32.03415870666504
29.1445255279541
26.021242141723633
22.518634796142578
25.248050689697266
26.102542877197266
25.08997917175293
23.91839027404785
26.80373191833496
23.15235137939453
25.55370330810547
