8.9796781539917
8.313298225402832
16.559123992919922
7.520556449890137
13.024449348449707
15.55788516998291
18.642425537109375
5.989313125610352
5.938291549682617
4.047155380249023
13.515591621398926
3.836512565612793
12.652277946472168
7.065176963806152
6.517887115478516
6.409883499145508
8.254289627075195
6.816864013671875
6.291627883911133
6.044626235961914
6.309866905212402
7.2193145751953125
6.1855316162109375
6.622076034545898
6.154656410217285
8.691906929016113
6.195068359375
6.071209907531738
14.227151870727539
7.512211799621582
9.198546409606934
7.769227027893066
8.385181427001953
6.818294525146484
12.787818908691406
6.7816972732543945
10.098457336425781
7.724642753601074
3.9681196212768555
6.364583969116211
7.092833518981934
7.267117500305176
7.236719131469727
3.7841796875
5.34665584564209
3.486037254333496
7.618904113769531
4.2542219161987305
5.907177925109863
3.6613941192626953
3.6934614181518555
6.354689598083496
7.854104042053223
3.8836002349853516
6.946563720703125
5.508542060852051
4.554033279418945
7.987618446350098
6.817817687988281
6.569504737854004
5.935072898864746
7.673740386962891
6.050705909729004
4.178643226623535
3.468155860900879
3.491640090942383
3.270268440246582
6.162762641906738
5.777835845947266
6.897091865539551
3.925204277038574
4.111289978027344
4.021406173706055
6.436705589294434
6.353974342346191
3.5848617553710938
6.727337837219238
3.5845041275024414
3.357529640197754
3.8254261016845703
6.869316101074219
5.904197692871094
7.608771324157715
3.751516342163086
6.978273391723633
3.594517707824707
3.8813352584838867
6.756424903869629
6.801843643188477
6.3124895095825195
5.795836448669434
7.363677024841309
6.013631820678711
6.441712379455566
6.823301315307617
6.914258003234863
6.529808044433594
6.679773330688477
6.284356117248535
7.484078407287598
7.273435592651367
6.793737411499023
7.015109062194824
7.287144660949707
5.777120590209961
6.076216697692871
5.945563316345215
8.14354419708252
6.155848503112793
6.25002384185791
5.876421928405762
5.8869123458862305
6.9255828857421875
6.450057029724121
6.054520606994629
6.29734992980957
5.524277687072754
7.004261016845703
6.747007369995117
5.715847015380859
6.821870803833008
7.461071014404297
6.702899932861328
5.669832229614258
6.599903106689453
7.558584213256836
7.208347320556641
7.562994956970215
5.650639533996582
6.412386894226074
6.095767021179199
6.213784217834473
5.9996843338012695
6.903409957885742
7.8125
7.6988935470581055
3.636956214904785
6.729006767272949
6.590366363525391
7.029294967651367
7.2144269943237305
6.004095077514648
6.219983100891113
5.675911903381348
5.923271179199219
14.223933219909668
6.649136543273926
9.031534194946289
7.160544395446777
7.123708724975586
7.033586502075195
7.648348808288574
6.434917449951172
8.370399475097656
6.101369857788086
6.39498233795166
6.619811058044434
6.347179412841797
7.662534713745117
6.980538368225098
7.127523422241211
5.867958068847656
5.970239639282227
6.081819534301758
6.4057111740112305
7.418632507324219
7.421016693115234
6.113529205322266
6.936311721801758
8.829832077026367
8.482813835144043
5.855560302734375
6.175637245178223
3.80861759185791
6.347775459289551
7.524251937866211
6.997823715209961
5.881667137145996
6.372928619384766
6.195545196533203
6.550431251525879
8.292317390441895
6.80232048034668
8.268237113952637
3.2901763916015625
5.950212478637695
6.853461265563965
7.046937942504883
7.680773735046387
6.663680076599121
6.239414215087891
7.387995719909668
6.8939924240112305
7.382631301879883
6.756901741027832
7.354497909545898
7.45236873626709
7.6988935470581055
3.636956214904785
6.729006767272949
