349.4218009478673
378.60556089306965
190.07412100095027
418.5143690459207
241.65788919703084
202.30647694794996
168.83323102107633
525.5128378647347
530.6858312924078
778.0590279823269
233.05693394603844
820.1418140011807
248.68916003203466
444.03799753657177
482.2216694710659
490.19453226706344
381.19384188787154
460.7140458869614
499.3304786085111
517.7151421922455
496.18469327993046
433.7458388375165
505.44804193647855
472.79121512151215
510.2050398032114
360.8780875838328
507.192118226601
516.8959139193779
219.9249912020512
414.1693828649412
338.4005287508262
402.2279164684762
373.0888825703725
460.3309322330233
245.13684838541278
461.7350981736364
311.91916139389934
407.33073041250634
788.5110703878391
492.6861209964413
441.8935444293181
433.24433654303573
433.1075017296478
828.9032258064516
588.8610733316983
902.0360428136648
412.47114782826384
738.4667806203939
534.3075898532884
864.0354235853357
855.4760997966627
495.5278668842741
400.80309630416633
809.6948861194671
453.09610104338276
570.6690904369278
692.5308622585205
394.89829117230056
464.2305217512939
483.4125823368234
535.0871512643863
413.5323432548313
523.7315050140867
759.5355604370525
913.8671158010518
907.8604301809492
967.8224036744067
511.35624891192913
543.5642485763802
454.4346232953662
796.385701703769
760.33959638135
775.6343155273611
485.4968052597463
491.2033920564342
868.7246608140463
462.34508177839206
871.1270743955569
930.7438309959169
817.7959488937364
454.13966402887684
526.3072201582943
408.91334388268285
828.0505878614554
445.5794184973863
864.4892382184194
799.3483829355938
458.7647193747023
455.91671632374073
491.4921534190697
533.4513667496246
421.79430477084713
517.7851960512231
482.9212576567907
456.20042629022674
451.187807106774
477.3033445304513
466.00278402398544
495.3240890035472
416.9006546566636
428.23588028976957
459.91058080364974
446.8591432018625
430.31150517757527
542.4482687466468
516.4699927409704
527.6551378446115
386.3777611874753
511.2960359418269
506.404318220832
540.0953443554113
539.7135046473483
457.993941063068
491.68351599608184
522.5144027249995
504.7696210199523
575.319134243974
453.33732725168494
470.260574578607
556.5495953950112
466.5314367595149
426.03949638908415
472.69943800241873
557.7938690551281
480.00231197167835
418.79897801469895
439.01197327512074
419.394038743439
560.5525621822325
494.4958078488967
519.8599784883153
509.514896882494
527.127342089054
458.3332757727508
405.75
413.13262003932925
874.5401029204497
472.17163002462485
480.6228203458505
450.61140318149444
438.371288355723
526.9840765595839
508.9286083906702
559.691176779451
538.0492674287555
223.44189944602286
478.65120031554227
352.38943005728464
448.6254349309937
449.8485223735734
454.0852174502559
417.9696067582101
495.6478695813264
382.20622080437505
524.5844242116369
498.20859353155
481.65673227566583
503.65321914206294
416.1762344814711
456.76656932561434
448.30613815019234
541.7064846416382
533.4892376502536
525.5481594731272
498.5937657020564
428.87157732356343
428.47060335410913
517.0716792761875
456.3703983776166
360.66034831915755
373.39973861352746
542.2697068403909
514.6388186468488
834.7383642680522
504.52898645983964
425.12272251972496
458.3595788899867
545.8400048643061
503.53370744481856
515.1130608789348
486.90735045223755
383.62645735397706
465.35992429287444
385.5114404763621
964.7860869565218
532.9871378771487
465.02221217234
450.5918733294989
413.8529589793733
475.70139000697685
507.8914787925105
429.26212182331585
461.3675018588646
433.2116906184402
472.0289338579065
434.1385548027361
428.6336399264177
413.13262003932925
874.5401029204497
472.17163002462485
