647.4409500617447
267.74778439357726
921.4037639428038
627.6018475132204
430.41235204553976
270.766576819407
950.2299642157856
607.75161126645
447.8411506395978
1122.1135263294216
527.5074361595344
545.9378108740274
542.3488106999013
583.5509318225818
559.1518508405819
555.8331828990149
539.1215589003514
366.37395072814587
472.7532135406151
406.18555808162824
964.7928162593823
786.6520425293788
739.1063381764582
418.12805355319165
318.44047342770943
332.5956843038723
733.966245056193
1386.2388619974315
308.6283551878905
594.3113926723682
449.54151259969626
529.500337306049
502.2222698608357
550.0420718940179
560.0260183238805
442.28115765279796
472.49443378119
509.10196453640697
521.8754753287213
571.0052402096084
500.6983937819294
612.5578204879312
551.7684378094
556.9398082665409
436.2862995764344
298.8118926119587
436.2862995764344
567.6676400104718
455.67714684908054
575.1972903623114
440.64727670547785
465.2181245839121
464.6669383629754
597.392283698633
481.23157699880517
498.97099378500866
474.8499820502759
365.8003898284369
446.71243435873686
426.1166241942737
352.8603946125938
524.957011824511
425.1322119140262
432.4023210831721
454.65064848156527
592.3527060748196
301.28896251200183
318.52940292610174
486.9395028706748
535.9575726287136
426.50891526030176
418.9148937730549
411.64193985685756
397.2431256181998
384.739074514955
483.40020739716556
429.4811769398337
480.03185391137197
499.84550707526074
333.3814473519618
321.13703255691297
401.6412110257569
481.5076259462618
455.7289006299533
489.8022001084314
453.94259055271175
475.6104632411604
449.8149621455152
494.7153532248662
467.5473001290842
306.54284848651776
410.6478033589145
464.0887472787782
471.6887191102397
454.523999610554
496.2869090651357
450.773221419636
432.25499283987494
547.1864095679765
484.0888120950324
549.6387886395732
568.4839857651245
415.70718706505966
408.0804408273499
355.55681688606217
432.9789016516111
482.0107433541611
446.7209662680281
416.3505647938965
421.1767192931526
469.17947825221955
535.3873734174223
428.7415178335236
323.4471767472658
327.72073124197817
443.460968027376
403.3360577539193
437.59035549449703
421.4466264594908
418.0159619629818
522.3697994929707
338.2499118176329
412.1067392427539
501.3321974940546
434.8984701832384
453.26588795572286
438.34898579492585
438.6927577788972
432.94933635604707
419.04716701275584
372.93093441671505
374.69126391218174
474.4446624244406
538.4177382411922
539.7526501092484
506.9962646123528
516.8075775411316
586.9625575320314
567.4240564713432
482.97362798885644
580.8548643683351
539.2809735781289
580.1573914021827
525.5503807200414
574.3890337841937
494.75941120111486
509.8402802602416
539.7694093126806
522.267776194198
432.594374689921
504.5102931891546
525.26238219556
497.9094915580945
579.0910943550031
473.15015974440894
554.3911565619674
494.1327129414216
501.2560950931311
511.45765633135244
491.15387867440876
526.2730657380481
560.4354386380693
531.2023373631622
571.7514460752261
495.8035117351068
553.2146958647022
537.5362935136011
506.639225704314
506.50392102260986
542.902945436987
491.2951378568806
530.3817778367819
600.2728697936528
576.693441108076
545.1015952980689
593.0580736249818
529.0565590761031
552.9621743704575
510.86753051374126
552.828963795256
569.7477705980635
514.8464891129289
538.2096051552878
550.1953466764741
578.1169758643712
507.2955798407358
541.8246299439583
609.4403531782847
588.1407804446457
511.0023794772333
604.7113979955835
513.1506648162242
524.5668075586566
527.5074361595344
545.9378108740274
542.3488106999013
583.5509318225818
559.1518508405819
555.8331828990149
539.1215589003514
